Va = 240;
Ra = 0.78;
La = 0.016;
B = 0.02;
J = 5;
T1 = 30;
K = 1.4;

